OrderedDict([('online_bil.weight', tensor([[[-0.0283, -0.2024],
         [ 0.1080,  0.0193]],

        [[ 0.0521, -0.1730],
         [ 0.3291, -0.0016]]])), ('online_bil.bias', tensor([ 0.8288, -0.9881])), ('online_bil2.weight', tensor([[[ 0.3288, -0.4881],
         [-0.7237,  0.4290]],

        [[ 0.1076, -0.7495],
         [ 0.1323,  0.3096]],

        [[ 0.3424, -0.5690],
         [-0.2768, -0.1203]],

        [[ 0.7853, -0.2607],
         [-0.9303,  0.2905]],

        [[ 0.0672, -1.0848],
         [-0.2206,  0.3948]],

        [[ 0.6702, -0.1194],
         [-0.6702,  0.0025]],

        [[-0.4660, -0.6187],
         [-0.6829,  0.5431]],

        [[ 0.8542,  0.1812],
         [-0.0017,  0.6596]],

        [[-0.0153, -0.4901],
         [ 0.3683,  0.7518]],

        [[ 0.7546, -0.5278],
         [-0.1852,  0.0159]],

        [[ 0.4244, -0.8237],
         [-0.7293, -0.1261]]])), ('online_bil2.bias', tensor([ 0.0470,  0.8041,  0.8626, -0.1166,  0.1907,  0.5768,  0.4038,  0.6041,  0.8608,  0.5680,  0.2493]))])
