OrderedDict([('online_bil.weight', tensor([[[-0.948799908161163,  1.007876038551331],
         [ 0.545603632926941, -1.201804995536804]],

        [[ 1.194744586944580, -0.501779139041901],
         [-0.727089822292328,  1.105957508087158]]])), ('online_bil.bias', tensor([ 1.345235109329224, -1.295060873031616])), ('online_bil2.weight', tensor([[[ 1.773229837417603, -0.901839256286621],
         [-1.319224357604980,  0.410284459590912]],

        [[ 1.648094296455383, -1.712493777275085],
         [-0.662871062755585,  0.488643527030945]],

        [[ 1.297402024269104, -1.422959804534912],
         [-1.448474764823914,  1.050154447555542]],

        [[ 1.369500160217285, -1.266467571258545],
         [-1.622670769691467,  0.990045905113220]],

        [[ 1.263806819915771, -1.237596631050110],
         [-1.300325036048889,  1.160973668098450]],

        [[ 1.797539710998535, -1.428663372993469],
         [-0.550386309623718,  1.508353590965271]],

        [[ 1.278517007827759, -1.680138468742371],
         [-1.042528033256531,  1.092206954956055]],

        [[ 1.105085849761963, -1.214638710021973],
         [-1.459606647491455,  1.049792289733887]],

        [[ 1.045816898345947, -0.960238754749298],
         [-1.513741612434387,  1.382417201995850]],

        [[ 1.119519710540771, -0.683235406875610],
         [-1.748527646064758,  1.700249433517456]],

        [[ 0.883367240428925, -1.326370120048523],
         [-1.010624051094055,  1.987927913665771]]])), ('online_bil2.bias', tensor([1.807246088981628, 1.757197856903076, 0.766774654388428, 0.757046818733215, 1.205068707466125, 0.715337753295898, 0.722871363162994, 1.005057454109192, 1.005502223968506, 0.528222501277924, 0.639510452747345]))])
