OrderedDict([('online_bil.weight', tensor([[[ 2.042060613632202,  3.418602705001831],
         [ 3.379695415496826,  1.385765314102173]],

        [[-2.567499876022339, -1.429657816886902],
         [-1.182824850082397, -1.136597990989685]]])), ('online_bil.bias', tensor([1.381701707839966, 1.853718996047974])), ('online_bil2.weight', tensor([[[-0.152647033333778,  1.502185463905334],
         [ 1.050694108009338,  0.259026646614075]],

        [[-0.038058750331402,  0.829881370067596],
         [ 0.809592723846436,  1.396878957748413]],

        [[ 0.007970239967108,  1.334829926490784],
         [ 0.660750091075897,  1.296375036239624]],

        [[-0.022270260378718,  1.113788247108459],
         [ 0.709209322929382,  1.483116626739502]],

        [[ 0.019086143001914,  1.109436273574829],
         [ 0.509316802024841,  1.549130916595459]],

        [[ 0.005911567714065,  0.870622754096985],
         [ 0.808981537818909,  1.558971643447876]],

        [[-0.031061032786965,  0.774570763111115],
         [ 1.114522099494934,  1.593232750892639]],

        [[-0.089476414024830,  1.355098724365234],
         [ 0.596071720123291,  1.100453138351440]],

        [[-0.023302216082811,  0.770402789115906],
         [ 1.045896768569946,  1.597968578338623]],

        [[-0.174658611416817,  0.640286684036255],
         [ 1.263502120971680,  1.155315637588501]],

        [[-0.142079114913940,  1.076363205909729],
         [ 0.621745824813843,  1.364659070968628]]])), ('online_bil2.bias', tensor([ 0.905684530735016,  0.346617132425308, -0.611974000930786, -0.437787473201752, -0.164960905909538, -0.322705984115601, -0.937246322631836,  0.322394788265228, -0.754491269588470,  0.654798805713654,  0.463711887598038]))])
